A 0 0 7 12 0 0 6 12
B 8 0 7 12 0 0 6 12
C 16 0 7 12 0 0 6 12
D 24 0 7 12 0 0 6 12
E 32 0 7 12 0 0 6 12
F 40 0 7 12 0 0 6 12
G 48 0 7 12 0 0 6 12
H 56 0 7 12 0 0 6 12
I 64 0 7 12 0 0 6 12
J 72 0 7 12 0 0 6 12
K 80 0 7 12 0 0 6 12
L 88 0 7 12 0 0 6 12
M 96 0 8 12 0 0 7 12
N 104 0 7 12 0 0 6 12
O 112 0 7 12 0 0 6 12
P 120 0 7 12 0 0 6 12
Q 128 0 7 12 0 0 6 12
R 136 0 7 12 0 0 6 12
S 144 0 7 12 0 0 6 12
T 152 0 7 12 0 0 6 12
U 160 0 7 12 0 0 6 12
V 168 0 7 12 0 0 6 12
W 176 0 8 12 0 0 7 12
X 184 0 7 12 0 0 6 12
Y 192 0 7 12 0 0 6 12
Z 200 0 7 12 0 0 6 12
a 0 13 7 12 0 0 6 12
b 8 13 7 12 0 0 6 12
c 16 13 7 12 0 0 6 12
d 24 13 7 12 0 0 6 12
e 32 13 7 12 0 0 6 12
f 40 13 5 12 0 0 4 12
g 48 13 7 12 0 0 6 12
h 56 13 7 12 0 0 6 12
i 64 13 3 12 0 0 2 12
j 72 13 6 12 0 0 5 12
k 80 13 7 12 0 0 6 12
l 88 13 3 12 0 0 2 12
m 96 13 8 12 0 0 7 12
n 104 13 7 12 0 0 6 12
o 112 13 7 12 0 0 6 12
p 120 13 7 12 0 0 6 12
q 128 13 7 12 0 0 6 12
r 136 13 7 12 0 0 6 12
s 144 13 7 12 0 0 6 12
t 152 13 5 12 0 0 4 12
u 160 13 7 12 0 0 6 12
v 168 13 7 12 0 0 6 12
w 176 13 8 12 0 0 7 12
x 184 13 7 12 0 0 6 12
y 192 13 7 12 0 0 6 12
z 200 13 7 12 0 0 6 12
0 0 26 7 12 0 0 6 12
1 8 26 6 12 0 0 5 12
2 16 26 7 12 0 0 6 12
3 24 26 7 12 0 0 6 12
4 32 26 7 12 0 0 6 12
5 40 26 7 12 0 0 6 12
6 48 26 7 12 0 0 6 12
7 56 26 7 12 0 0 6 12
8 64 26 7 12 0 0 6 12
9 72 26 7 12 0 0 6 12
+ 80 13 7 12 0 0 6 12
- 88 13 7 12 0 0 6 12
. 96 13 3 12 0 0 2 12